60.0009 45560
60.0009 46096
60.0009 46632
60.0018 45560
60.0018 46096
60.0018 46632
60.0028 45560
60.0028 46096
60.0028 46632
60.0037 45560
60.0037 46096
60.0037 46632
60.0047 45560
60.0047 46096
60.0047 46632
60.0056 45560
60.0056 46096
60.0056 46632
60.0066 45560
60.0066 46096
60.0066 46632
60.0075 45560
60.0075 46096
60.0075 46632
60.0084 45560
60.0084 46096
60.0084 46632
60.0094 45560
60.0094 46096
60.0094 46632
60.0103 45560
60.0103 46096
60.0103 46632
60.0113 45560
60.0113 46096
60.0113 46632
60.0122 45560
60.0122 46096
60.0122 46632
60.0132 45560
60.0132 46096
60.0132 46632
60.0141 45560
60.0141 46096
60.0141 46632
60.015 45560
60.015 46096
60.015 46632
60.016 45560
60.016 46096
60.016 46632
60.0169 45560
60.0169 46096
60.0169 46632
60.0179 45560
60.0179 46096
60.0179 46632
60.0188 45560
60.0188 46096
60.0188 46632
60.0198 45560
60.0198 46096
60.0198 46632
60.0207 45560
60.0207 46096
60.0207 46632
60.0217 45560
60.0217 46096
60.0217 46632
60.0217 47168
60.0226 46096
60.0226 46632
60.0226 47168
60.0235 46096
60.0235 46632
60.0235 47168
60.0245 46096
60.0245 46632
60.0245 47168
60.0254 46096
60.0254 46632
60.0254 47168
60.0264 46096
60.0264 46632
60.0264 47168
60.0273 46096
60.0273 46632
60.0273 47168
60.0283 46096
60.0283 46632
60.0283 47168
60.0292 46096
60.0292 46632
60.0292 47168
60.0302 46096
60.0302 46632
60.0302 47168
60.0311 46096
60.0311 46632
60.0311 47168
60.032 46096
60.032 46632
60.032 47168
60.033 46096
60.033 46632
60.033 47168
60.0339 46096
60.0339 46632
60.0339 47168
60.0349 46096
60.0349 46632
60.0349 47168
60.0358 46096
60.0358 46632
60.0358 47168
60.0368 46096
60.0368 46632
60.0368 47168
60.0377 46096
60.0377 46632
60.0377 47168
60.0386 46096
60.0386 46632
60.0386 47168
60.0396 46096
60.0396 46632
60.0396 47168
60.0405 46096
60.0405 46632
60.0405 47168
60.0415 46096
60.0415 46632
60.0415 47168
60.0424 46096
60.0424 46632
60.0424 47168
60.0434 46096
60.0434 46632
60.0434 47168
60.0443 46096
60.0443 46632
60.0443 47168
60.0453 46096
60.0453 46632
60.0453 47168
60.0462 46096
60.0462 46632
60.0462 47168
60.0471 46096
60.0471 46632
60.0471 47168
60.0481 46096
60.0481 46632
60.0481 47168
60.049 46096
60.049 46632
60.049 47168
60.05 46096
60.05 46632
60.05 47168
60.0509 46096
60.0509 46632
60.0509 47168
60.0519 46096
60.0519 46632
60.0519 47168
60.0528 46096
60.0528 46632
60.0528 47168
60.0538 46096
60.0538 46632
60.0538 47168
60.0547 46096
60.0547 46632
60.0547 47168
60.0556 46096
60.0556 46632
60.0556 47168
60.0566 46096
60.0566 46632
60.0566 47168
60.0575 46096
60.0575 46632
60.0575 47168
60.0585 46096
60.0585 46632
60.0585 47168
60.0594 46096
60.0594 46632
60.0594 47168
60.0604 46096
60.0604 46632
60.0604 47168
60.0613 46096
60.0613 46632
60.0613 47168
60.0622 46096
60.0622 46632
60.0622 47168
60.0632 46096
60.0632 46632
60.0632 47168
60.0641 46096
60.0641 46632
60.0641 47168
60.0651 46096
60.0651 46632
60.0651 47168
60.066 46096
60.066 46632
60.066 47168
60.067 46096
60.067 46632
60.067 47168
60.0679 46096
60.0679 46632
60.0679 47168
60.0689 46096
60.0689 46632
60.0689 47168
60.0698 46096
60.0698 46632
60.0698 47168
60.0707 46096
60.0707 46632
60.0707 47168
60.0717 46096
60.0717 46632
60.0717 47168
60.0726 46096
60.0726 46632
60.0726 47168
60.0736 46096
60.0736 46632
60.0736 47168
60.0745 46096
60.0745 46632
60.0745 47168
60.0755 46096
60.0755 46632
60.0755 47168
60.0764 46096
60.0764 46632
60.0764 47168
60.0774 46096
60.0774 46632
60.0774 47168
60.0783 46096
60.0783 46632
60.0783 47168
60.0792 46096
60.0792 46632
60.0792 47168
60.0802 46096
60.0802 46632
60.0802 47168
60.0811 46096
60.0811 46632
60.0811 47168
60.0821 46096
60.0821 46632
60.0821 47168
60.083 46096
60.083 46632
60.083 47168
60.084 46096
60.084 46632
60.084 47168
60.0849 46096
60.0849 46632
60.0849 47168
60.0858 46096
60.0858 46632
60.0858 47168
60.0868 46096
60.0868 46632
60.0868 47168
60.0877 46096
60.0877 46632
60.0877 47168
60.0887 46096
60.0887 46632
60.0887 47168
60.0896 46096
60.0896 46632
60.0896 47168
60.0906 46096
60.0906 46632
60.0906 47168
60.0915 46096
60.0915 46632
60.0915 47168
60.0925 46096
60.0925 46632
60.0925 47168
60.0934 46096
60.0934 46632
60.0934 47168
60.0943 46096
60.0943 46632
60.0943 47168
60.0953 46096
60.0953 46632
60.0953 47168
60.0962 46096
60.0962 46632
60.0962 47168
60.0972 46096
60.0972 46632
60.0972 47168
60.0981 46096
60.0981 46632
60.0981 47168
60.0991 46096
60.0991 46632
60.0991 47168
60.1 46096
60.1 46632
60.1 47168
60.101 46096
60.101 46632
60.101 47168
60.1019 46096
60.1019 46632
60.1019 47168
60.1028 46096
60.1028 46632
60.1028 47168
60.1038 46096
60.1038 46632
60.1038 47168
60.1047 46096
60.1047 46632
60.1047 47168
60.1057 46096
60.1057 46632
60.1057 47168
60.1057 47704
60.1066 46632
60.1066 47168
60.1066 47704
60.1076 46632
60.1076 47168
60.1076 47704
60.1085 46632
60.1085 47168
60.1085 47704
60.1094 46632
60.1094 47168
60.1094 47704
60.1104 46632
60.1104 47168
60.1104 47704
60.1113 46632
60.1113 47168
60.1113 47704
60.1123 46632
60.1123 47168
60.1123 47704
60.1132 46632
60.1132 47168
60.1132 47704
60.1142 46632
60.1142 47168
60.1142 47704
60.1151 46632
60.1151 47168
60.1151 47704
60.1161 46632
60.1161 47168
60.1161 47704
60.117 46632
60.117 47168
60.117 47704
60.1179 46632
60.1179 47168
60.1179 47704
60.1189 46632
60.1189 47168
60.1189 47704
60.1198 46632
60.1198 47168
60.1198 47704
60.1208 46632
60.1208 47168
60.1208 47704
60.1217 46632
60.1217 47168
60.1217 47704
60.1227 46632
60.1227 47168
60.1227 47704
60.1236 46632
60.1236 47168
60.1236 47704
60.1246 46632
60.1246 47168
60.1246 47704
60.1255 46632
60.1255 47168
60.1255 47704
60.1264 46632
60.1264 47168
60.1264 47704
60.1274 46632
60.1274 47168
60.1274 47704
60.1283 46632
60.1283 47168
60.1283 47704
60.1293 46632
60.1293 47168
60.1293 47704
60.1302 46632
60.1302 47168
60.1302 47704
60.1312 46632
60.1312 47168
60.1312 47704
60.1321 46632
60.1321 47168
60.1321 47704
60.133 46632
60.133 47168
60.133 47704
60.134 46632
60.134 47168
60.134 47704
60.1349 46632
60.1349 47168
60.1349 47704
60.1359 46632
60.1359 47168
60.1359 47704
60.1368 46632
60.1368 47168
60.1368 47704
60.1378 46632
60.1378 47168
60.1378 47704
60.1387 46632
60.1387 47168
60.1387 47704
60.1397 46632
60.1397 47168
60.1397 47704
60.1406 46632
60.1406 47168
60.1406 47704
60.1415 46632
60.1415 47168
60.1415 47704
60.1425 46632
60.1425 47168
60.1425 47704
60.1434 46632
60.1434 47168
60.1434 47704
60.1444 46632
60.1444 47168
60.1444 47704
60.1453 46632
60.1453 47168
60.1453 47704
60.1463 46632
60.1463 47168
60.1463 47704
60.1472 46632
60.1472 47168
60.1472 47704
60.1482 46632
60.1482 47168
60.1482 47704
60.1491 46632
60.1491 47168
60.1491 47704
60.15 46632
60.15 47168
60.15 47704
60.151 46632
60.151 47168
60.151 47704
60.1519 46632
60.1519 47168
60.1519 47704
60.1529 46632
60.1529 47168
60.1529 47704
60.1538 46632
60.1538 47168
60.1538 47704
60.1548 46632
60.1548 47168
60.1548 47704
60.1557 46632
60.1557 47168
60.1557 47704
60.1566 46632
60.1566 47168
60.1566 47704
60.1576 46632
60.1576 47168
60.1576 47704
60.1585 46632
60.1585 47168
60.1585 47704
60.1595 46632
60.1595 47168
60.1595 47704
60.1604 46632
60.1604 47168
60.1604 47704
60.1614 46632
60.1614 47168
60.1614 47704
60.1623 46632
60.1623 47168
60.1623 47704
60.1633 46632
60.1633 47168
60.1633 47704
60.1642 46632
60.1642 47168
60.1642 47704
60.1651 46632
60.1651 47168
60.1651 47704
60.1661 46632
60.1661 47168
60.1661 47704
60.167 46632
60.167 47168
60.167 47704
60.168 46632
60.168 47168
60.168 47704
60.1689 46632
60.1689 47168
60.1689 47704
60.1699 46632
60.1699 47168
60.1699 47704
60.1708 46632
60.1708 47168
60.1708 47704
60.1718 46632
60.1718 47168
60.1718 47704
60.1727 46632
60.1727 47168
60.1727 47704
60.1736 46632
60.1736 47168
60.1736 47704
60.1746 46632
60.1746 47168
60.1746 47704
60.1755 46632
60.1755 47168
60.1755 47704
60.1765 46632
60.1765 47168
60.1765 47704
60.1774 46632
60.1774 47168
60.1774 47704
60.1784 46632
60.1784 47168
60.1784 47704
60.1793 46632
60.1793 47168
60.1793 47704
60.1802 46632
60.1802 47168
60.1802 47704
60.1812 46632
60.1812 47168
60.1812 47704
60.1821 46632
60.1821 47168
60.1821 47704
60.1831 46632
60.1831 47168
60.1831 47704
60.184 46632
60.184 47168
60.184 47704
60.185 46632
60.185 47168
60.185 47704
60.1859 46632
60.1859 47168
60.1859 47704
60.1869 46632
60.1869 47168
60.1869 47704
60.1878 46632
60.1878 47168
60.1878 47704
60.1887 46632
60.1887 47168
60.1887 47704
60.1897 46632
60.1897 47168
60.1897 47704
60.1906 46632
60.1906 47168
60.1906 47704
60.1916 46632
60.1916 47168
60.1916 47704
60.1925 46632
60.1925 47168
60.1925 47704
60.1935 46632
60.1935 47168
60.1935 47704
60.1944 46632
60.1944 47168
60.1944 47704
60.1954 46632
60.1954 47168
60.1954 47704
60.1963 46632
60.1963 47168
60.1963 47704
60.1972 46632
60.1972 47168
60.1972 47704
60.1982 46632
60.1982 47168
60.1982 47704
60.1991 46632
60.1991 47168
60.1991 47704
60.2001 46632
60.2001 47168
60.2001 47704
60.201 46632
60.201 47168
60.201 47704
60.202 46632
60.202 47168
60.202 47704
60.202 48240
60.2029 47168
60.2029 47704
60.2029 48240
60.2038 47168
60.2038 47704
60.2038 48240
60.2048 47168
60.2048 47704
60.2048 48240
60.2057 47168
60.2057 47704
60.2057 48240
60.2067 47168
60.2067 47704
60.2067 48240
60.2076 47168
60.2076 47704
60.2076 48240
60.2086 47168
60.2086 47704
60.2086 48240
60.2095 47168
60.2095 47704
60.2095 48240
60.2105 47168
60.2105 47704
60.2105 48240
60.2114 47168
60.2114 47704
60.2114 48240
60.2123 47168
60.2123 47704
60.2123 48240
60.2133 47168
60.2133 47704
60.2133 48240
60.2142 47168
60.2142 47704
60.2142 48240
60.2152 47168
60.2152 47704
60.2152 48240
60.2161 47168
60.2161 47704
60.2161 48240
60.2171 47168
60.2171 47704
60.2171 48240
60.218 47168
60.218 47704
60.218 48240
60.219 47168
60.219 47704
60.219 48240
60.2199 47168
60.2199 47704
60.2199 48240
60.2208 47168
60.2208 47704
60.2208 48240
60.2218 47168
60.2218 47704
60.2218 48240
60.2227 47168
60.2227 47704
60.2227 48240
60.2237 47168
60.2237 47704
60.2237 48240
60.2246 47168
60.2246 47704
60.2246 48240
60.2256 47168
60.2256 47704
60.2256 48240
60.2265 47168
60.2265 47704
60.2265 48240
60.2274 47168
60.2274 47704
60.2274 48240
60.2284 47168
60.2284 47704
60.2284 48240
60.2293 47168
60.2293 47704
60.2293 48240
60.2303 47168
60.2303 47704
60.2303 48240
60.2312 47168
60.2312 47704
60.2312 48240
60.2322 47168
60.2322 47704
60.2322 48240
60.2331 47168
60.2331 47704
60.2331 48240
60.2341 47168
60.2341 47704
60.2341 48240
60.235 47168
60.235 47704
60.235 48240
60.2359 47168
60.2359 47704
60.2359 48240
60.2369 47168
60.2369 47704
60.2369 48240
60.2378 47168
60.2378 47704
60.2378 48240
60.2388 47168
60.2388 47704
60.2388 48240
60.2397 47168
60.2397 47704
60.2397 48240
60.2407 47168
60.2407 47704
60.2407 48240
60.2416 47168
60.2416 47704
60.2416 48240
60.2426 47168
60.2426 47704
60.2426 48240
60.2435 47168
60.2435 47704
60.2435 48240
60.2444 47168
60.2444 47704
60.2444 48240
60.2454 47168
60.2454 47704
60.2454 48240
60.2463 47168
60.2463 47704
60.2463 48240
60.2473 47168
60.2473 47704
60.2473 48240
60.2482 47168
60.2482 47704
60.2482 48240
60.2492 47168
60.2492 47704
60.2492 48240
60.2501 47168
60.2501 47704
60.2501 48240
60.251 47168
60.251 47704
60.251 48240
60.252 47168
60.252 47704
60.252 48240
60.2529 47168
60.2529 47704
60.2529 48240
60.2539 47168
60.2539 47704
60.2539 48240
60.2548 47168
60.2548 47704
60.2548 48240
60.2558 47168
60.2558 47704
60.2558 48240
60.2567 47168
60.2567 47704
60.2567 48240
60.2577 47168
60.2577 47704
60.2577 48240
60.2586 47168
60.2586 47704
60.2586 48240
60.2595 47168
60.2595 47704
60.2595 48240
60.2605 47168
60.2605 47704
60.2605 48240
60.2614 47168
60.2614 47704
60.2614 48240
60.2624 47168
60.2624 47704
60.2624 48240
60.2633 47168
60.2633 47704
60.2633 48240
60.2643 47168
60.2643 47704
60.2643 48240
60.2652 47168
60.2652 47704
60.2652 48240
60.2662 47168
60.2662 47704
60.2662 48240
60.2671 47168
60.2671 47704
60.2671 48240
60.268 47168
60.268 47704
60.268 48240
60.269 47168
60.269 47704
60.269 48240
60.2699 47168
60.2699 47704
60.2699 48240
60.2709 47168
60.2709 47704
60.2709 48240
60.2718 47168
60.2718 47704
60.2718 48240
60.2728 47168
60.2728 47704
60.2728 48240
60.2737 47168
60.2737 47704
60.2737 48240
60.2746 47168
60.2746 47704
60.2746 48240
60.2756 47168
60.2756 47704
60.2756 48240
60.2765 47168
60.2765 47704
60.2765 48240
60.2775 47168
60.2775 47704
60.2775 48240
60.2784 47168
60.2784 47704
60.2784 48240
60.2794 47168
60.2794 47704
60.2794 48240
60.2803 47168
60.2803 47704
60.2803 48240
60.2813 47168
60.2813 47704
60.2813 48240
60.2822 47168
60.2822 47704
60.2822 48240
60.2831 47168
60.2831 47704
60.2831 48240
60.2841 47168
60.2841 47704
60.2841 48240
60.285 47168
60.285 47704
60.285 48240
60.286 47168
60.286 47704
60.286 48240
60.2869 47168
60.2869 47704
60.2869 48240
60.2879 47168
60.2879 47704
60.2879 48240
60.2888 47168
60.2888 47704
60.2888 48240
60.2898 47168
60.2898 47704
60.2898 48240
60.2907 47168
60.2907 47704
60.2907 48240
60.2916 47168
60.2916 47704
60.2916 48240
60.2926 47168
60.2926 47704
60.2926 48240
60.2935 47168
60.2935 47704
60.2935 48240
60.2945 47168
60.2945 47704
60.2945 48240
60.2954 47168
60.2954 47704
60.2954 48240
60.2964 47168
60.2964 47704
60.2964 48240
60.2973 47168
60.2973 47704
60.2973 48240
60.2982 47168
60.2982 47704
60.2982 48240
60.2992 47168
60.2992 47704
60.2992 48240
60.3001 47168
60.3001 47704
60.3001 48240
60.3011 47168
60.3011 47704
60.3011 48240
60.302 47168
60.302 47704
60.302 48240
60.303 47168
60.303 47704
60.303 48240
60.303 48776
60.3039 47704
60.3039 48240
60.3039 48776
60.3049 47704
60.3049 48240
60.3049 48776
60.3058 47704
60.3058 48240
60.3058 48776
60.3067 47704
60.3067 48240
60.3067 48776
60.3077 47704
60.3077 48240
60.3077 48776
60.3086 47704
60.3086 48240
60.3086 48776
60.3096 47704
60.3096 48240
60.3096 48776
60.3105 47704
60.3105 48240
60.3105 48776
60.3115 47704
60.3115 48240
60.3115 48776
60.3124 47704
60.3124 48240
60.3124 48776
60.3134 47704
60.3134 48240
60.3134 48776
60.3143 47704
60.3143 48240
60.3143 48776
60.3152 47704
60.3152 48240
60.3152 48776
60.3162 47704
60.3162 48240
60.3162 48776
60.3171 47704
60.3171 48240
60.3171 48776
60.3181 47704
60.3181 48240
60.3181 48776
60.319 47704
60.319 48240
60.319 48776
60.32 47704
60.32 48240
60.32 48776
60.3209 47704
60.3209 48240
60.3209 48776
60.3218 47704
60.3218 48240
60.3218 48776
60.3228 47704
60.3228 48240
60.3228 48776
60.3237 47704
60.3237 48240
60.3237 48776
60.3247 47704
60.3247 48240
60.3247 48776
60.3256 47704
60.3256 48240
60.3256 48776
60.3266 47704
60.3266 48240
60.3266 48776
60.3275 47704
60.3275 48240
60.3275 48776
60.3285 47704
60.3285 48240
60.3285 48776
60.3294 47704
60.3294 48240
60.3294 48776
60.3303 47704
60.3303 48240
60.3303 48776
60.3313 47704
60.3313 48240
60.3313 48776
60.3322 47704
60.3322 48240
60.3322 48776
60.3332 47704
60.3332 48240
60.3332 48776
60.3341 47704
60.3341 48240
60.3341 48776
60.3351 47704
60.3351 48240
60.3351 48776
60.336 47704
60.336 48240
60.336 48776
60.337 47704
60.337 48240
60.337 48776
60.3379 47704
60.3379 48240
60.3379 48776
60.3388 47704
60.3388 48240
60.3388 48776
60.3398 47704
60.3398 48240
60.3398 48776
60.3407 47704
60.3407 48240
60.3407 48776
60.3417 47704
60.3417 48240
60.3417 48776
60.3426 47704
60.3426 48240
60.3426 48776
60.3436 47704
60.3436 48240
60.3436 48776
60.3445 47704
60.3445 48240
60.3445 48776
60.3454 47704
60.3454 48240
60.3454 48776
60.3464 47704
60.3464 48240
60.3464 48776
60.3473 47704
60.3473 48240
60.3473 48776
60.3483 47704
60.3483 48240
60.3483 48776
60.3492 47704
60.3492 48240
60.3492 48776
60.3502 47704
60.3502 48240
60.3502 48776
60.3511 47704
60.3511 48240
60.3511 48776
60.3521 47704
60.3521 48240
60.3521 48776
60.353 47704
60.353 48240
60.353 48776
60.3539 47704
60.3539 48240
60.3539 48776
60.3549 47704
60.3549 48240
60.3549 48776
60.3558 47704
60.3558 48240
60.3558 48776
60.3568 47704
60.3568 48240
60.3568 48776
60.3577 47704
60.3577 48240
60.3577 48776
60.3587 47704
60.3587 48240
60.3587 48776
60.3596 47704
60.3596 48240
60.3596 48776
60.3606 47704
60.3606 48240
60.3606 48776
60.3615 47704
60.3615 48240
60.3615 48776
60.3624 47704
60.3624 48240
60.3624 48776
60.3634 47704
60.3634 48240
60.3634 48776
60.3643 47704
60.3643 48240
60.3643 48776
60.3653 47704
60.3653 48240
60.3653 48776
60.3662 47704
60.3662 48240
60.3662 48776
60.3672 47704
60.3672 48240
60.3672 48776
60.3681 47704
60.3681 48240
60.3681 48776
60.369 47704
60.369 48240
60.369 48776
60.37 47704
60.37 48240
60.37 48776
60.3709 47704
60.3709 48240
60.3709 48776
60.3719 47704
60.3719 48240
60.3719 48776
60.3728 47704
60.3728 48240
60.3728 48776
60.3738 47704
60.3738 48240
60.3738 48776
60.3747 47704
60.3747 48240
60.3747 48776
60.3757 47704
60.3757 48240
60.3757 48776
60.3766 47704
60.3766 48240
60.3766 48776
60.3775 47704
60.3775 48240
60.3775 48776
60.3785 47704
60.3785 48240
60.3785 48776
60.3794 47704
60.3794 48240
60.3794 48776
60.3804 47704
60.3804 48240
60.3804 48776
60.3813 47704
60.3813 48240
60.3813 48776
60.3823 47704
60.3823 48240
60.3823 48776
60.3832 47704
60.3832 48240
60.3832 48776
60.3842 47704
60.3842 48240
60.3842 48776
60.3851 47704
60.3851 48240
60.3851 48776
60.386 47704
60.386 48240
60.386 48776
60.387 47704
60.387 48240
60.387 48776
60.3879 47704
60.3879 48240
60.3879 48776
60.3889 47704
60.3889 48240
60.3889 48776
60.3898 47704
60.3898 48240
60.3898 48776
60.3908 47704
60.3908 48240
60.3908 48776
60.3917 47704
60.3917 48240
60.3917 48776
60.3926 47704
60.3926 48240
60.3926 48776
60.3936 47704
60.3936 48240
60.3936 48776
60.3945 47704
60.3945 48240
60.3945 48776
60.3955 47704
60.3955 48240
60.3955 48776
60.3964 47704
60.3964 48240
60.3964 48776
60.3974 47704
60.3974 48240
60.3974 48776
60.3983 47704
60.3983 48240
60.3983 48776
60.3993 47704
60.3993 48240
60.3993 48776
60.4002 47704
60.4002 48240
60.4002 48776
60.4011 47704
60.4011 48240
60.4011 48776
60.4021 47704
60.4021 48240
60.4021 48776
60.403 47704
60.403 48240
60.403 48776
60.404 47704
60.404 48240
60.404 48776
60.404 49312
60.4049 48240
60.4049 48776
60.4049 49312
60.4059 48240
60.4059 48776
60.4059 49312
60.4068 48240
60.4068 48776
60.4068 49312
60.4078 48240
60.4078 48776
60.4078 49312
60.4087 48240
60.4087 48776
60.4087 49312
60.4096 48240
60.4096 48776
60.4096 49312
60.4106 48240
60.4106 48776
60.4106 49312
60.4115 48240
60.4115 48776
60.4115 49312
60.4125 48240
60.4125 48776
60.4125 49312
60.4134 48240
60.4134 48776
60.4134 49312
60.4144 48240
60.4144 48776
60.4144 49312
60.4153 48240
60.4153 48776
60.4153 49312
60.4162 48240
60.4162 48776
60.4162 49312
60.4172 48240
60.4172 48776
60.4172 49312
60.4181 48240
60.4181 48776
60.4181 49312
60.4191 48240
60.4191 48776
60.4191 49312
60.42 48240
60.42 48776
60.42 49312
60.421 48240
60.421 48776
60.421 49312
60.4219 48240
60.4219 48776
60.4219 49312
60.4229 48240
60.4229 48776
60.4229 49312
60.4238 48240
60.4238 48776
60.4238 49312
60.4247 48240
60.4247 48776
60.4247 49312
60.4257 48240
60.4257 48776
60.4257 49312
60.4266 48240
60.4266 48776
60.4266 49312
60.4276 48240
60.4276 48776
60.4276 49312
60.4285 48240
60.4285 48776
60.4285 49312
60.4295 48240
60.4295 48776
60.4295 49312
60.4304 48240
60.4304 48776
60.4304 49312
60.4314 48240
60.4314 48776
60.4314 49312
60.4323 48240
60.4323 48776
60.4323 49312
60.4332 48240
60.4332 48776
60.4332 49312
60.4342 48240
60.4342 48776
60.4342 49312
60.4351 48240
60.4351 48776
60.4351 49312
60.4361 48240
60.4361 48776
60.4361 49312
60.437 48240
60.437 48776
60.437 49312
60.438 48240
60.438 48776
60.438 49312
60.4389 48240
60.4389 48776
60.4389 49312
60.4398 48240
60.4398 48776
60.4398 49312
60.4408 48240
60.4408 48776
60.4408 49312
60.4417 48240
60.4417 48776
60.4417 49312
60.4427 48240
60.4427 48776
60.4427 49312
60.4436 48240
60.4436 48776
60.4436 49312
60.4446 48240
60.4446 48776
60.4446 49312
60.4455 48240
60.4455 48776
60.4455 49312
60.4465 48240
60.4465 48776
60.4465 49312
60.4474 48240
60.4474 48776
60.4474 49312
60.4483 48240
60.4483 48776
60.4483 49312
60.4493 48240
60.4493 48776
60.4493 49312
60.4502 48240
60.4502 48776
60.4502 49312
60.4512 48240
60.4512 48776
60.4512 49312
60.4521 48240
60.4521 48776
60.4521 49312
60.4531 48240
60.4531 48776
60.4531 49312
60.454 48240
60.454 48776
60.454 49312
60.455 48240
60.455 48776
60.455 49312
60.4559 48240
60.4559 48776
60.4559 49312
60.4568 48240
60.4568 48776
60.4568 49312
60.4578 48240
60.4578 48776
60.4578 49312
60.4587 48240
60.4587 48776
60.4587 49312
60.4597 48240
60.4597 48776
60.4597 49312
60.4606 48240
60.4606 48776
60.4606 49312
60.4616 48240
60.4616 48776
60.4616 49312
60.4625 48240
60.4625 48776
60.4625 49312
60.4634 48240
60.4634 48776
60.4634 49312
60.4644 48240
60.4644 48776
60.4644 49312
60.4653 48240
60.4653 48776
60.4653 49312
60.4663 48240
60.4663 48776
60.4663 49312
60.4672 48240
60.4672 48776
60.4672 49312
60.4682 48240
60.4682 48776
60.4682 49312
60.4691 48240
60.4691 48776
60.4691 49312
60.4701 48240
60.4701 48776
60.4701 49312
60.471 48240
60.471 48776
60.471 49312
60.4719 48240
60.4719 48776
60.4719 49312
60.4729 48240
60.4729 48776
60.4729 49312
60.4738 48240
60.4738 48776
60.4738 49312
60.4748 48240
60.4748 48776
60.4748 49312
60.4757 48240
60.4757 48776
60.4757 49312
60.4767 48240
60.4767 48776
60.4767 49312
60.4776 48240
60.4776 48776
60.4776 49312
60.4786 48240
60.4786 48776
60.4786 49312
60.4795 48240
60.4795 48776
60.4795 49312
60.4804 48240
60.4804 48776
60.4804 49312
60.4814 48240
60.4814 48776
60.4814 49312
60.4823 48240
60.4823 48776
60.4823 49312
60.4833 48240
60.4833 48776
60.4833 49312
60.4842 48240
60.4842 48776
60.4842 49312
60.4852 48240
60.4852 48776
60.4852 49312
60.4861 48240
60.4861 48776
60.4861 49312
60.487 48240
60.487 48776
60.487 49312
60.488 48240
60.488 48776
60.488 49312
60.4889 48240
60.4889 48776
60.4889 49312
60.4899 48240
60.4899 48776
60.4899 49312
60.4908 48240
60.4908 48776
60.4908 49312
60.4918 48240
60.4918 48776
60.4918 49312
60.4927 48240
60.4927 48776
60.4927 49312
60.4937 48240
60.4937 48776
60.4937 49312
60.4946 48240
60.4946 48776
60.4946 49312
60.4955 48240
60.4955 48776
60.4955 49312
60.4965 48240
60.4965 48776
60.4965 49312
60.4974 48240
60.4974 48776
60.4974 49312
60.4984 48240
60.4984 48776
60.4984 49312
60.4993 48240
60.4993 48776
60.4993 49312
60.5003 48240
60.5003 48776
60.5003 49312
60.5012 48240
60.5012 48776
60.5012 49312
60.5022 48240
60.5022 48776
60.5022 49312
60.5031 48240
60.5031 48776
60.5031 49312
60.504 48240
60.504 48776
60.504 49312
60.505 48240
60.505 48776
60.505 49312
60.505 49848
60.5059 48776
60.5059 49312
60.5059 49848
60.5069 48776
60.5069 49312
60.5069 49848
60.5078 48776
60.5078 49312
60.5078 49848
60.5088 48776
60.5088 49312
60.5088 49848
60.5097 48776
60.5097 49312
60.5097 49848
60.5106 48776
60.5106 49312
60.5106 49848
60.5116 48776
60.5116 49312
60.5116 49848
60.5125 48776
60.5125 49312
60.5125 49848
60.5135 48776
60.5135 49312
60.5135 49848
60.5144 48776
60.5144 49312
60.5144 49848
60.5154 48776
60.5154 49312
60.5154 49848
60.5163 48776
60.5163 49312
60.5163 49848
60.5173 48776
60.5173 49312
60.5173 49848
60.5182 48776
60.5182 49312
60.5182 49848
60.5191 48776
60.5191 49312
60.5191 49848
60.5201 48776
60.5201 49312
60.5201 49848
60.521 48776
60.521 49312
60.521 49848
60.522 48776
60.522 49312
60.522 49848
60.5229 48776
60.5229 49312
60.5229 49848
60.5239 48776
60.5239 49312
60.5239 49848
60.5248 48776
60.5248 49312
60.5248 49848
60.5258 48776
60.5258 49312
60.5258 49848
60.5267 48776
60.5267 49312
60.5267 49848
60.5276 48776
60.5276 49312
60.5276 49848
60.5286 48776
60.5286 49312
60.5286 49848
60.5295 48776
60.5295 49312
60.5295 49848
60.5305 48776
60.5305 49312
60.5305 49848
60.5314 48776
60.5314 49312
60.5314 49848
60.5324 48776
60.5324 49312
60.5324 49848
60.5333 48776
60.5333 49312
60.5333 49848
60.5342 48776
60.5342 49312
60.5342 49848
60.5352 48776
60.5352 49312
60.5352 49848
60.5361 48776
60.5361 49312
60.5361 49848
60.5371 48776
60.5371 49312
60.5371 49848
60.538 48776
60.538 49312
60.538 49848
60.539 48776
60.539 49312
60.539 49848
60.5399 48776
60.5399 49312
60.5399 49848
60.5409 48776
60.5409 49312
60.5409 49848
60.5418 48776
60.5418 49312
60.5418 49848
60.5427 48776
60.5427 49312
60.5427 49848
60.5437 48776
60.5437 49312
60.5437 49848
60.5446 48776
60.5446 49312
60.5446 49848
60.5456 48776
60.5456 49312
60.5456 49848
60.5465 48776
60.5465 49312
60.5465 49848
60.5475 48776
60.5475 49312
60.5475 49848
60.5484 48776
60.5484 49312
60.5484 49848
60.5494 48776
60.5494 49312
60.5494 49848
60.5503 48776
60.5503 49312
60.5503 49848
60.5512 48776
60.5512 49312
60.5512 49848
60.5522 48776
60.5522 49312
60.5522 49848
60.5531 48776
60.5531 49312
60.5531 49848
60.5541 48776
60.5541 49312
60.5541 49848
60.555 48776
60.555 49312
60.555 49848
60.556 48776
60.556 49312
60.556 49848
60.5569 48776
60.5569 49312
60.5569 49848
60.5578 48776
60.5578 49312
60.5578 49848
60.5588 48776
60.5588 49312
60.5588 49848
60.5597 48776
60.5597 49312
60.5597 49848
60.5607 48776
60.5607 49312
60.5607 49848
60.5616 48776
60.5616 49312
60.5616 49848
60.5626 48776
60.5626 49312
60.5626 49848
60.5635 48776
60.5635 49312
60.5635 49848
60.5645 48776
60.5645 49312
60.5645 49848
60.5654 48776
60.5654 49312
60.5654 49848
60.5663 48776
60.5663 49312
60.5663 49848
60.5673 48776
60.5673 49312
60.5673 49848
60.5682 48776
60.5682 49312
60.5682 49848
60.5692 48776
60.5692 49312
60.5692 49848
60.5701 48776
60.5701 49312
60.5701 49848
60.5711 48776
60.5711 49312
60.5711 49848
60.572 48776
60.572 49312
60.572 49848
60.573 48776
60.573 49312
60.573 49848
60.5739 48776
60.5739 49312
60.5739 49848
60.5748 48776
60.5748 49312
60.5748 49848
60.5758 48776
60.5758 49312
60.5758 49848
60.5767 48776
60.5767 49312
60.5767 49848
60.5777 48776
60.5777 49312
60.5777 49848
60.5786 48776
60.5786 49312
60.5786 49848
60.5796 48776
60.5796 49312
60.5796 49848
60.5805 48776
60.5805 49312
60.5805 49848
60.5814 48776
60.5814 49312
60.5814 49848
60.5824 48776
60.5824 49312
60.5824 49848
60.5833 48776
60.5833 49312
60.5833 49848
60.5843 48776
60.5843 49312
60.5843 49848
60.5852 48776
60.5852 49312
60.5852 49848
60.5862 48776
60.5862 49312
60.5862 49848
60.5871 48776
60.5871 49312
60.5871 49848
60.5881 48776
60.5881 49312
60.5881 49848
60.589 48776
60.589 49312
60.589 49848
60.5899 48776
60.5899 49312
60.5899 49848
60.5909 48776
60.5909 49312
60.5909 49848
60.5918 48776
60.5918 49312
60.5918 49848
60.5928 48776
60.5928 49312
60.5928 49848
60.5937 48776
60.5937 49312
60.5937 49848
60.5947 48776
60.5947 49312
60.5947 49848
60.5956 48776
60.5956 49312
60.5956 49848
60.5966 48776
60.5966 49312
60.5966 49848
60.5975 48776
60.5975 49312
60.5975 49848
60.5984 48776
60.5984 49312
60.5984 49848
60.5994 48776
60.5994 49312
60.5994 49848
60.6003 48776
60.6003 49312
60.6003 49848
60.6013 48776
60.6013 49312
60.6013 49848
60.6022 48776
60.6022 49312
60.6022 49848
60.6032 48776
60.6032 49312
60.6032 49848
60.6041 48776
60.6041 49312
60.6041 49848
60.605 48776
60.605 49312
60.605 49848
60.606 48776
60.606 49312
60.606 49848
60.606 50384
60.6069 49312
60.6069 49848
60.6069 50384
60.6079 49312
60.6079 49848
60.6079 50384
60.6088 49312
60.6088 49848
60.6088 50384
60.6098 49312
60.6098 49848
60.6098 50384
60.6107 49312
60.6107 49848
60.6107 50384
60.6117 49312
60.6117 49848
60.6117 50384
60.6126 49312
60.6126 49848
60.6126 50384
60.6135 49312
60.6135 49848
60.6135 50384
60.6145 49312
60.6145 49848
60.6145 50384
60.6154 49312
60.6154 49848
60.6154 50384
60.6164 49312
60.6164 49848
60.6164 50384
60.6173 49312
60.6173 49848
60.6173 50384
60.6183 49312
60.6183 49848
60.6183 50384
60.6192 49312
60.6192 49848
60.6192 50384
60.6202 49312
60.6202 49848
60.6202 50384
60.6211 49312
60.6211 49848
60.6211 50384
60.622 49312
60.622 49848
60.622 50384
60.623 49312
60.623 49848
60.623 50384
60.6239 49312
60.6239 49848
60.6239 50384
60.6249 49312
60.6249 49848
60.6249 50384
60.6258 49312
60.6258 49848
60.6258 50384
60.6268 49312
60.6268 49848
60.6268 50384
60.6277 49312
60.6277 49848
60.6277 50384
60.6286 49312
60.6286 49848
60.6286 50384
60.6296 49312
60.6296 49848
60.6296 50384
60.6305 49312
60.6305 49848
60.6305 50384
60.6315 49312
60.6315 49848
60.6315 50384
60.6324 49312
60.6324 49848
60.6324 50384
60.6334 49312
60.6334 49848
60.6334 50384
60.6343 49312
60.6343 49848
60.6343 50384
60.6353 49312
60.6353 49848
60.6353 50384
60.6362 49312
60.6362 49848
60.6362 50384
60.6371 49312
60.6371 49848
60.6371 50384
60.6381 49312
60.6381 49848
60.6381 50384
60.639 49312
60.639 49848
60.639 50384
60.64 49312
60.64 49848
60.64 50384
60.6409 49312
60.6409 49848
60.6409 50384
60.6419 49312
60.6419 49848
60.6419 50384
60.6428 49312
60.6428 49848
60.6428 50384
60.6438 49312
60.6438 49848
60.6438 50384
60.6447 49312
60.6447 49848
60.6447 50384
60.6456 49312
60.6456 49848
60.6456 50384
60.6466 49312
60.6466 49848
60.6466 50384
60.6475 49312
60.6475 49848
60.6475 50384
60.6485 49312
60.6485 49848
60.6485 50384
60.6494 49312
60.6494 49848
60.6494 50384
60.6504 49312
60.6504 49848
60.6504 50384
60.6513 49312
60.6513 49848
60.6513 50384
60.6522 49312
60.6522 49848
60.6522 50384
60.6532 49312
60.6532 49848
60.6532 50384
60.6541 49312
60.6541 49848
60.6541 50384
60.6551 49312
60.6551 49848
60.6551 50384
60.656 49312
60.656 49848
60.656 50384
60.657 49312
60.657 49848
60.657 50384
60.6579 49312
60.6579 49848
60.6579 50384
60.6589 49312
60.6589 49848
60.6589 50384
60.6598 49312
60.6598 49848
60.6598 50384
60.6607 49312
60.6607 49848
60.6607 50384
60.6617 49312
60.6617 49848
60.6617 50384
60.6626 49312
60.6626 49848
60.6626 50384
60.6636 49312
60.6636 49848
60.6636 50384
60.6645 49312
60.6645 49848
60.6645 50384
60.6655 49312
60.6655 49848
60.6655 50384
60.6664 49312
60.6664 49848
60.6664 50384
60.6674 49312
60.6674 49848
60.6674 50384
60.6683 49312
60.6683 49848
60.6683 50384
60.6692 49312
60.6692 49848
60.6692 50384
60.6702 49312
60.6702 49848
60.6702 50384
60.6711 49312
60.6711 49848
60.6711 50384
60.6721 49312
60.6721 49848
60.6721 50384
60.673 49312
60.673 49848
60.673 50384
60.674 49312
60.674 49848
60.674 50384
60.6749 49312
60.6749 49848
60.6749 50384
60.6758 49312
60.6758 49848
60.6758 50384
60.6768 49312
60.6768 49848
60.6768 50384
60.6777 49312
60.6777 49848
60.6777 50384
60.6787 49312
60.6787 49848
60.6787 50384
60.6796 49312
60.6796 49848
60.6796 50384
60.6806 49312
60.6806 49848
60.6806 50384
60.6815 49312
60.6815 49848
60.6815 50384
60.6825 49312
60.6825 49848
60.6825 50384
60.6834 49312
60.6834 49848
60.6834 50384
60.6843 49312
60.6843 49848
60.6843 50384
60.6853 49312
60.6853 49848
60.6853 50384
60.6862 49312
60.6862 49848
60.6862 50384
60.6872 49312
60.6872 49848
60.6872 50384
60.6881 49312
60.6881 49848
60.6881 50384
60.6891 49312
60.6891 49848
60.6891 50384
60.69 49312
60.69 49848
60.69 50384
60.691 49312
60.691 49848
60.691 50384
60.6919 49312
60.6919 49848
60.6919 50384
60.6928 49312
60.6928 49848
60.6928 50384
60.6938 49312
60.6938 49848
60.6938 50384
60.6947 49312
60.6947 49848
60.6947 50384
60.6957 49312
60.6957 49848
60.6957 50384
60.6966 49312
60.6966 49848
60.6966 50384
60.6976 49312
60.6976 49848
60.6976 50384
60.6985 49312
60.6985 49848
60.6985 50384
60.6994 49312
60.6994 49848
60.6994 50384
60.7004 49312
60.7004 49848
60.7004 50384
60.7013 49312
60.7013 49848
60.7013 50384
60.7023 49312
60.7023 49848
60.7023 50384
60.7032 49312
60.7032 49848
60.7032 50384
60.7042 49312
60.7042 49848
60.7042 50384
60.7051 49312
60.7051 49848
60.7051 50384
60.7061 49312
60.7061 49848
60.7061 50384
60.707 49312
60.707 49848
60.707 50384
60.7079 49312
60.7079 49848
60.7079 50384
60.7079 50920
60.7089 49848
60.7089 50384
60.7089 50920
60.7098 49848
60.7098 50384
60.7098 50920
60.7108 49848
60.7108 50384
60.7108 50920
60.7117 49848
60.7117 50384
60.7117 50920
60.7127 49848
60.7127 50384
60.7127 50920
60.7136 49848
60.7136 50384
60.7136 50920
60.7146 49848
60.7146 50384
60.7146 50920
60.7155 49848
60.7155 50384
60.7155 50920
60.7164 49848
60.7164 50384
60.7164 50920
60.7174 49848
60.7174 50384
60.7174 50920
60.7183 49848
60.7183 50384
60.7183 50920
60.7193 49848
60.7193 50384
60.7193 50920
60.7202 49848
60.7202 50384
60.7202 50920
60.7212 49848
60.7212 50384
60.7212 50920
60.7221 49848
60.7221 50384
60.7221 50920
60.723 49848
60.723 50384
60.723 50920
60.724 49848
60.724 50384
60.724 50920
60.7249 49848
60.7249 50384
60.7249 50920
60.7259 49848
60.7259 50384
60.7259 50920
60.7268 49848
60.7268 50384
60.7268 50920
60.7278 49848
60.7278 50384
60.7278 50920
60.7287 49848
60.7287 50384
60.7287 50920
60.7297 49848
60.7297 50384
60.7297 50920
60.7306 49848
60.7306 50384
60.7306 50920
60.7315 49848
60.7315 50384
60.7315 50920
60.7325 49848
60.7325 50384
60.7325 50920
60.7334 49848
60.7334 50384
60.7334 50920
60.7344 49848
60.7344 50384
60.7344 50920
60.7353 49848
60.7353 50384
60.7353 50920
60.7363 49848
60.7363 50384
60.7363 50920
60.7372 49848
60.7372 50384
60.7372 50920
60.7382 49848
60.7382 50384
60.7382 50920
60.7391 49848
60.7391 50384
60.7391 50920
60.74 49848
60.74 50384
60.74 50920
60.741 49848
60.741 50384
60.741 50920
60.7419 49848
60.7419 50384
60.7419 50920
60.7429 49848
60.7429 50384
60.7429 50920
60.7438 49848
60.7438 50384
60.7438 50920
60.7448 49848
60.7448 50384
60.7448 50920
60.7457 49848
60.7457 50384
60.7457 50920
60.7466 49848
60.7466 50384
60.7466 50920
60.7476 49848
60.7476 50384
60.7476 50920
60.7485 49848
60.7485 50384
60.7485 50920
60.7495 49848
60.7495 50384
60.7495 50920
60.7504 49848
60.7504 50384
60.7504 50920
60.7514 49848
60.7514 50384
60.7514 50920
60.7523 49848
60.7523 50384
60.7523 50920
60.7533 49848
60.7533 50384
60.7533 50920
60.7542 49848
60.7542 50384
60.7542 50920
60.7551 49848
60.7551 50384
60.7551 50920
60.7561 49848
60.7561 50384
60.7561 50920
60.757 49848
60.757 50384
60.757 50920
60.758 49848
60.758 50384
60.758 50920
60.7589 49848
60.7589 50384
60.7589 50920
60.7599 49848
60.7599 50384
60.7599 50920
60.7608 49848
60.7608 50384
60.7608 50920
60.7618 49848
60.7618 50384
60.7618 50920
60.7627 49848
60.7627 50384
60.7627 50920
60.7636 49848
60.7636 50384
60.7636 50920
60.7646 49848
60.7646 50384
60.7646 50920
60.7655 49848
60.7655 50384
60.7655 50920
60.7665 49848
60.7665 50384
60.7665 50920
60.7674 49848
60.7674 50384
60.7674 50920
60.7684 49848
60.7684 50384
60.7684 50920
60.7693 49848
60.7693 50384
60.7693 50920
60.7702 49848
60.7702 50384
60.7702 50920
60.7712 49848
60.7712 50384
60.7712 50920
60.7721 49848
60.7721 50384
60.7721 50920
60.7731 49848
60.7731 50384
60.7731 50920
60.774 49848
60.774 50384
60.774 50920
60.775 49848
60.775 50384
60.775 50920
60.7759 49848
60.7759 50384
60.7759 50920
60.7769 49848
60.7769 50384
60.7769 50920
60.7778 49848
60.7778 50384
60.7778 50920
60.7787 49848
60.7787 50384
60.7787 50920
60.7797 49848
60.7797 50384
60.7797 50920
60.7806 49848
60.7806 50384
60.7806 50920
60.7816 49848
60.7816 50384
60.7816 50920
60.7825 49848
60.7825 50384
60.7825 50920
60.7835 49848
60.7835 50384
60.7835 50920
60.7844 49848
60.7844 50384
60.7844 50920
60.7854 49848
60.7854 50384
60.7854 50920
60.7863 49848
60.7863 50384
60.7863 50920
60.7872 49848
60.7872 50384
60.7872 50920
60.7882 49848
60.7882 50384
60.7882 50920
60.7891 49848
60.7891 50384
60.7891 50920
60.7901 49848
60.7901 50384
60.7901 50920
60.791 49848
60.791 50384
60.791 50920
60.792 49848
60.792 50384
60.792 50920
60.7929 49848
60.7929 50384
60.7929 50920
60.7938 49848
60.7938 50384
60.7938 50920
60.7948 49848
60.7948 50384
60.7948 50920
60.7957 49848
60.7957 50384
60.7957 50920
60.7967 49848
60.7967 50384
60.7967 50920
60.7976 49848
60.7976 50384
60.7976 50920
60.7986 49848
60.7986 50384
60.7986 50920
60.7995 49848
60.7995 50384
60.7995 50920
60.8005 49848
60.8005 50384
60.8005 50920
60.8014 49848
60.8014 50384
60.8014 50920
60.8023 49848
60.8023 50384
60.8023 50920
60.8033 49848
60.8033 50384
60.8033 50920
60.8042 49848
60.8042 50384
60.8042 50920
60.8052 49848
60.8052 50384
60.8052 50920
60.8061 49848
60.8061 50384
60.8061 50920
60.8071 49848
60.8071 50384
60.8071 50920
60.808 49848
60.808 50384
60.808 50920
60.809 49848
60.809 50384
60.809 50920
60.809 51456
60.8099 50384
60.8099 50920
60.8099 51456
60.8108 50384
60.8108 50920
60.8108 51456
60.8118 50384
60.8118 50920
60.8118 51456
60.8127 50384
60.8127 50920
60.8127 51456
60.8137 50384
60.8137 50920
60.8137 51456
60.8146 50384
60.8146 50920
60.8146 51456
60.8156 50384
60.8156 50920
60.8156 51456
60.8165 50384
60.8165 50920
60.8165 51456
60.8174 50384
60.8174 50920
60.8174 51456
60.8184 50384
60.8184 50920
60.8184 51456
60.8193 50384
60.8193 50920
60.8193 51456
60.8203 50384
60.8203 50920
60.8203 51456
60.8212 50384
60.8212 50920
60.8212 51456
60.8222 50384
60.8222 50920
60.8222 51456
60.8231 50384
60.8231 50920
60.8231 51456
60.8241 50384
60.8241 50920
60.8241 51456
60.825 50384
60.825 50920
60.825 51456
60.8259 50384
60.8259 50920
60.8259 51456
60.8269 50384
60.8269 50920
60.8269 51456
60.8278 50384
60.8278 50920
60.8278 51456
60.8288 50384
60.8288 50920
60.8288 51456
60.8297 50384
60.8297 50920
60.8297 51456
60.8307 50384
60.8307 50920
60.8307 51456
60.8316 50384
60.8316 50920
60.8316 51456
60.8326 50384
60.8326 50920
60.8326 51456
60.8335 50384
60.8335 50920
60.8335 51456
60.8344 50384
60.8344 50920
60.8344 51456
60.8354 50384
60.8354 50920
60.8354 51456
60.8363 50384
60.8363 50920
60.8363 51456
60.8373 50384
60.8373 50920
60.8373 51456
60.8382 50384
60.8382 50920
60.8382 51456
60.8392 50384
60.8392 50920
60.8392 51456
60.8401 50384
60.8401 50920
60.8401 51456
60.841 50384
60.841 50920
60.841 51456
60.842 50384
60.842 50920
60.842 51456
60.8429 50384
60.8429 50920
60.8429 51456
60.8439 50384
60.8439 50920
60.8439 51456
60.8448 50384
60.8448 50920
60.8448 51456
60.8458 50384
60.8458 50920
60.8458 51456
60.8467 50384
60.8467 50920
60.8467 51456
60.8477 50384
60.8477 50920
60.8477 51456
60.8486 50384
60.8486 50920
60.8486 51456
60.8495 50384
60.8495 50920
60.8495 51456
60.8505 50384
60.8505 50920
60.8505 51456
60.8514 50384
60.8514 50920
60.8514 51456
60.8524 50384
60.8524 50920
60.8524 51456
60.8533 50384
60.8533 50920
60.8533 51456
60.8543 50384
60.8543 50920
60.8543 51456
60.8552 50384
60.8552 50920
60.8552 51456
60.8562 50384
60.8562 50920
60.8562 51456
60.8571 50384
60.8571 50920
60.8571 51456
60.858 50384
60.858 50920
60.858 51456
60.859 50384
60.859 50920
60.859 51456
60.8599 50384
60.8599 50920
60.8599 51456
60.8609 50384
60.8609 50920
60.8609 51456
60.8618 50384
60.8618 50920
60.8618 51456
60.8628 50384
60.8628 50920
60.8628 51456
60.8637 50384
60.8637 50920
60.8637 51456
60.8646 50384
60.8646 50920
60.8646 51456
60.8656 50384
60.8656 50920
60.8656 51456
60.8665 50384
60.8665 50920
60.8665 51456
60.8675 50384
60.8675 50920
60.8675 51456
60.8684 50384
60.8684 50920
60.8684 51456
60.8694 50384
60.8694 50920
60.8694 51456
60.8703 50384
60.8703 50920
60.8703 51456
60.8713 50384
60.8713 50920
60.8713 51456
60.8722 50384
60.8722 50920
60.8722 51456
60.8731 50384
60.8731 50920
60.8731 51456
60.8741 50384
60.8741 50920
60.8741 51456
60.875 50384
60.875 50920
60.875 51456
60.876 50384
60.876 50920
60.876 51456
60.8769 50384
60.8769 50920
60.8769 51456
60.8779 50384
60.8779 50920
60.8779 51456
60.8788 50384
60.8788 50920
60.8788 51456
60.8798 50384
60.8798 50920
60.8798 51456
60.8807 50384
60.8807 50920
60.8807 51456
60.8816 50384
60.8816 50920
60.8816 51456
60.8826 50384
60.8826 50920
60.8826 51456
60.8835 50384
60.8835 50920
60.8835 51456
60.8845 50384
60.8845 50920
60.8845 51456
60.8854 50384
60.8854 50920
60.8854 51456
60.8864 50384
60.8864 50920
60.8864 51456
60.8873 50384
60.8873 50920
60.8873 51456
60.8882 50384
60.8882 50920
60.8882 51456
60.8892 50384
60.8892 50920
60.8892 51456
60.8901 50384
60.8901 50920
60.8901 51456
60.8911 50384
60.8911 50920
60.8911 51456
60.892 50384
60.892 50920
60.892 51456
60.893 50384
60.893 50920
60.893 51456
60.8939 50384
60.8939 50920
60.8939 51456
60.8949 50384
60.8949 50920
60.8949 51456
60.8958 50384
60.8958 50920
60.8958 51456
60.8967 50384
60.8967 50920
60.8967 51456
60.8977 50384
60.8977 50920
60.8977 51456
60.8986 50384
60.8986 50920
60.8986 51456
60.8996 50384
60.8996 50920
60.8996 51456
60.9005 50384
60.9005 50920
60.9005 51456
60.9015 50384
60.9015 50920
60.9015 51456
60.9024 50384
60.9024 50920
60.9024 51456
60.9034 50384
60.9034 50920
60.9034 51456
60.9043 50384
60.9043 50920
60.9043 51456
60.9052 50384
60.9052 50920
60.9052 51456
60.9062 50384
60.9062 50920
60.9062 51456
60.9071 50384
60.9071 50920
60.9071 51456
60.9081 50384
60.9081 50920
60.9081 51456
60.909 50384
60.909 50920
60.909 51456
60.91 50384
60.91 50920
60.91 51456
60.91 51992
60.9109 50920
60.9109 51456
60.9109 51992
60.9118 50920
60.9118 51456
60.9118 51992
60.9128 50920
60.9128 51456
60.9128 51992
60.9137 50920
60.9137 51456
60.9137 51992
60.9147 50920
60.9147 51456
60.9147 51992
60.9156 50920
60.9156 51456
60.9156 51992
60.9166 50920
60.9166 51456
60.9166 51992
60.9175 50920
60.9175 51456
60.9175 51992
60.9185 50920
60.9185 51456
60.9185 51992
60.9194 50920
60.9194 51456
60.9194 51992
60.9203 50920
60.9203 51456
60.9203 51992
60.9213 50920
60.9213 51456
60.9213 51992
60.9222 50920
60.9222 51456
60.9222 51992
60.9232 50920
60.9232 51456
60.9232 51992
60.9241 50920
60.9241 51456
60.9241 51992
60.9251 50920
60.9251 51456
60.9251 51992
60.926 50920
60.926 51456
60.926 51992
60.927 50920
60.927 51456
60.927 51992
60.9279 50920
60.9279 51456
60.9279 51992
60.9288 50920
60.9288 51456
60.9288 51992
60.9298 50920
60.9298 51456
60.9298 51992
60.9307 50920
60.9307 51456
60.9307 51992
60.9317 50920
60.9317 51456
60.9317 51992
60.9326 50920
60.9326 51456
60.9326 51992
60.9336 50920
60.9336 51456
60.9336 51992
60.9345 50920
60.9345 51456
60.9345 51992
60.9354 50920
60.9354 51456
60.9354 51992
60.9364 50920
60.9364 51456
60.9364 51992
60.9373 50920
60.9373 51456
60.9373 51992
60.9383 50920
60.9383 51456
60.9383 51992
60.9392 50920
60.9392 51456
60.9392 51992
60.9402 50920
60.9402 51456
60.9402 51992
60.9411 50920
60.9411 51456
60.9411 51992
60.9421 50920
60.9421 51456
60.9421 51992
60.943 50920
60.943 51456
60.943 51992
60.9439 50920
60.9439 51456
60.9439 51992
60.9449 50920
60.9449 51456
60.9449 51992
60.9458 50920
60.9458 51456
60.9458 51992
60.9468 50920
60.9468 51456
60.9468 51992
60.9477 50920
60.9477 51456
60.9477 51992
60.9487 50920
60.9487 51456
60.9487 51992
60.9496 50920
60.9496 51456
60.9496 51992
60.9506 50920
60.9506 51456
60.9506 51992
60.9515 50920
60.9515 51456
60.9515 51992
60.9524 50920
60.9524 51456
60.9524 51992
60.9534 50920
60.9534 51456
60.9534 51992
60.9543 50920
60.9543 51456
60.9543 51992
60.9553 50920
60.9553 51456
60.9553 51992
60.9562 50920
60.9562 51456
60.9562 51992
60.9572 50920
60.9572 51456
60.9572 51992
60.9581 50920
60.9581 51456
60.9581 51992
60.959 50920
60.959 51456
60.959 51992
60.96 50920
60.96 51456
60.96 51992
60.9609 50920
60.9609 51456
60.9609 51992
60.9619 50920
60.9619 51456
60.9619 51992
60.9628 50920
60.9628 51456
60.9628 51992
60.9638 50920
60.9638 51456
60.9638 51992
60.9647 50920
60.9647 51456
60.9647 51992
60.9657 50920
60.9657 51456
60.9657 51992
60.9666 50920
60.9666 51456
60.9666 51992
60.9675 50920
60.9675 51456
60.9675 51992
60.9685 50920
60.9685 51456
60.9685 51992
60.9694 50920
60.9694 51456
60.9694 51992
60.9704 50920
60.9704 51456
60.9704 51992
60.9713 50920
60.9713 51456
60.9713 51992
60.9723 50920
60.9723 51456
60.9723 51992
60.9732 50920
60.9732 51456
60.9732 51992
60.9742 50920
60.9742 51456
60.9742 51992
60.9751 50920
60.9751 51456
60.9751 51992
60.976 50920
60.976 51456
60.976 51992
60.977 50920
60.977 51456
60.977 51992
60.9779 50920
60.9779 51456
60.9779 51992
60.9789 50920
60.9789 51456
60.9789 51992
60.9798 50920
60.9798 51456
60.9798 51992
60.9808 50920
60.9808 51456
60.9808 51992
60.9817 50920
60.9817 51456
60.9817 51992
60.9826 50920
60.9826 51456
60.9826 51992
60.9836 50920
60.9836 51456
60.9836 51992
60.9845 50920
60.9845 51456
60.9845 51992
60.9855 50920
60.9855 51456
60.9855 51992
60.9864 50920
60.9864 51456
60.9864 51992
60.9874 50920
60.9874 51456
60.9874 51992
60.9883 50920
60.9883 51456
60.9883 51992
60.9893 50920
60.9893 51456
60.9893 51992
60.9902 50920
60.9902 51456
60.9902 51992
60.9911 50920
60.9911 51456
60.9911 51992
60.9921 50920
60.9921 51456
60.9921 51992
60.993 50920
60.993 51456
60.993 51992
60.994 50920
60.994 51456
60.994 51992
60.9949 50920
60.9949 51456
60.9949 51992
60.9959 50920
60.9959 51456
60.9959 51992
60.9968 50920
60.9968 51456
60.9968 51992
60.9978 50920
60.9978 51456
60.9978 51992
60.9987 50920
60.9987 51456
60.9987 51992
60.9996 50920
60.9996 51456
60.9996 51992
